Simplest sort 1 :

 -----ast----- -----bst-----
             3
             9
             7
             1
             0
             4
             8
             2
             6
pb
 -----ast----- -----bst-----
             9             3
             7
             1
             0
             4
             8
             2
             6
sa
 -----ast----- -----bst-----
             7             3
             9
             1
             0
             4
             8
             2
             6
ra
 -----ast----- -----bst-----
             9             3
             1
             0
             4
             8
             2
             6
             7
sa
 -----ast----- -----bst-----
             1             3
             9
             0
             4
             8
             2
             6
             7
pb
 -----ast----- -----bst-----
             9             1
             0             3
             4
             8
             2
             6
             7
sa
 -----ast----- -----bst-----
             0             1
             9             3
             4
             8
             2
             6
             7
pb
 -----ast----- -----bst-----
             9             0
             4             1
             8             3
             2
             6
             7
sa
 -----ast----- -----bst-----
             4             0
             9             1
             8             3
             2
             6
             7
pb
 -----ast----- -----bst-----
             9             4
             8             0
             2             1
             6             3
             7
sa
 -----ast----- -----bst-----
             8             4
             9             0
             2             1
             6             3
             7
ra
 -----ast----- -----bst-----
             9             4
             2             0
             6             1
             7             3
             8
sa
 -----ast----- -----bst-----
             2             4
             9             0
             6             1
             7             3
             8
pb
 -----ast----- -----bst-----
             9             2
             6             4
             7             0
             8             1
                           3
sa
 -----ast----- -----bst-----
             6             2
             9             4
             7             0
             8             1
                           3
pb
 -----ast----- -----bst-----
             9             6
             7             2
             8             4
                           0
                           1
                           3
sa
 -----ast----- -----bst-----
             7             6
             9             2
             8             4
                           0
                           1
                           3
pb
 -----ast----- -----bst-----
             9             7
             8             6
                           2
                           4
                           0
                           1
                           3
sa
 -----ast----- -----bst-----
             8             7
             9             6
                           2
                           4
                           0
                           1
                           3
pa
 -----ast----- -----bst-----
             7             6
             8             2
             9             4
                           0
                           1
                           3
pa
 -----ast----- -----bst-----
             6             2
             7             4
             8             0
             9             1
                           3
pa
 -----ast----- -----bst-----
             2             4
             6             0
             7             1
             8             3
             9
pa
 -----ast----- -----bst-----
             4             0
             2             1
             6             3
             7
             8
             9
sa
 -----ast----- -----bst-----
             2             0
             4             1
             6             3
             7
             8
             9
pa
 -----ast----- -----bst-----
             0             1
             2             3
             4
             6
             7
             8
             9
pa
 -----ast----- -----bst-----
             1             3
             0
             2
             4
             6
             7
             8
             9
sa
 -----ast----- -----bst-----
             0             3
             1
             2
             4
             6
             7
             8
             9
pa
 -----ast----- -----bst-----
             3
             0
             1
             2
             4
             6
             7
             8
             9
sa
 -----ast----- -----bst-----
             0
             3
             1
             2
             4
             6
             7
             8
             9
pb
 -----ast----- -----bst-----
             3             0
             1
             2
             4
             6
             7
             8
             9
sa
 -----ast----- -----bst-----
             1             0
             3
             2
             4
             6
             7
             8
             9
pb
 -----ast----- -----bst-----
             3             1
             2             0
             4
             6
             7
             8
             9
sa
 -----ast----- -----bst-----
             2             1
             3             0
             4
             6
             7
             8
             9
pa
 -----ast----- -----bst-----
             1             0
             2
             3
             4
             6
             7
             8
             9
pa
 -----ast----- -----bst-----
             0
             1
             2
             3
             4
             6
             7
             8
             9

Simplest sort 2 :

 -----ast----- -----bst-----
             3
             9
             7
             1
             0
             4
             8
             2
             6
pb
 -----ast----- -----bst-----
             9             3
             7
             1
             0
             4
             8
             2
             6
ra
 -----ast----- -----bst-----
             7             3
             1
             0
             4
             8
             2
             6
             9
sa
 -----ast----- -----bst-----
             1             3
             7
             0
             4
             8
             2
             6
             9
pb
 -----ast----- -----bst-----
             7             1
             0             3
             4
             8
             2
             6
             9
sa
 -----ast----- -----bst-----
             0             1
             7             3
             4
             8
             2
             6
             9
pb
 -----ast----- -----bst-----
             7             0
             4             1
             8             3
             2
             6
             9
sa
 -----ast----- -----bst-----
             4             0
             7             1
             8             3
             2
             6
             9
pb
 -----ast----- -----bst-----
             7             4
             8             0
             2             1
             6             3
             9
pb
 -----ast----- -----bst-----
             8             7
             2             4
             6             0
             9             1
                           3
sa
 -----ast----- -----bst-----
             2             7
             8             4
             6             0
             9             1
                           3
pb
 -----ast----- -----bst-----
             8             2
             6             7
             9             4
                           0
                           1
                           3
sa
 -----ast----- -----bst-----
             6             2
             8             7
             9             4
                           0
                           1
                           3
pa
 -----ast----- -----bst-----
             2             7
             6             4
             8             0
             9             1
                           3
pa
 -----ast----- -----bst-----
             7             4
             2             0
             6             1
             8             3
             9
sa
 -----ast----- -----bst-----
             2             4
             7             0
             6             1
             8             3
             9
pb
 -----ast----- -----bst-----
             7             2
             6             4
             8             0
             9             1
                           3
sa
 -----ast----- -----bst-----
             6             2
             7             4
             8             0
             9             1
                           3
pa
 -----ast----- -----bst-----
             2             4
             6             0
             7             1
             8             3
             9
pa
 -----ast----- -----bst-----
             4             0
             2             1
             6             3
             7
             8
             9
sa
 -----ast----- -----bst-----
             2             0
             4             1
             6             3
             7
             8
             9
pa
 -----ast----- -----bst-----
             0             1
             2             3
             4
             6
             7
             8
             9
pa
 -----ast----- -----bst-----
             1             3
             0
             2
             4
             6
             7
             8
             9
sa
 -----ast----- -----bst-----
             0             3
             1
             2
             4
             6
             7
             8
             9
pa
 -----ast----- -----bst-----
             3
             0
             1
             2
             4
             6
             7
             8
             9
sa
 -----ast----- -----bst-----
             0
             3
             1
             2
             4
             6
             7
             8
             9
pb
 -----ast----- -----bst-----
             3             0
             1
             2
             4
             6
             7
             8
             9
sa
 -----ast----- -----bst-----
             1             0
             3
             2
             4
             6
             7
             8
             9
pb
 -----ast----- -----bst-----
             3             1
             2             0
             4
             6
             7
             8
             9
sa
 -----ast----- -----bst-----
             2             1
             3             0
             4
             6
             7
             8
             9
pa
 -----ast----- -----bst-----
             1             0
             2
             3
             4
             6
             7
             8
             9
pa
 -----ast----- -----bst-----
             0
             1
             2
             3
             4
             6
             7
             8
             9

Selection sort :

 -----ast----- -----bst-----
             3
             9
             7
             1
             0
             4
             8
             2
             6
rra
 -----ast----- -----bst-----
             6
             3
             9
             7
             1
             0
             4
             8
             2
rra
 -----ast----- -----bst-----
             2
             6
             3
             9
             7
             1
             0
             4
             8
rra
 -----ast----- -----bst-----
             8
             2
             6
             3
             9
             7
             1
             0
             4
rra
 -----ast----- -----bst-----
             4
             8
             2
             6
             3
             9
             7
             1
             0
rra
 -----ast----- -----bst-----
             0
             4
             8
             2
             6
             3
             9
             7
             1
pb
 -----ast----- -----bst-----
             4             0
             8
             2
             6
             3
             9
             7
             1
rra
 -----ast----- -----bst-----
             1             0
             4
             8
             2
             6
             3
             9
             7
pb
 -----ast----- -----bst-----
             4             1
             8             0
             2
             6
             3
             9
             7
ra
 -----ast----- -----bst-----
             8             1
             2             0
             6
             3
             9
             7
             4
ra
 -----ast----- -----bst-----
             2             1
             6             0
             3
             9
             7
             4
             8
pb
 -----ast----- -----bst-----
             6             2
             3             1
             9             0
             7
             4
             8
ra
 -----ast----- -----bst-----
             3             2
             9             1
             7             0
             4
             8
             6
pb
 -----ast----- -----bst-----
             9             3
             7             2
             4             1
             8             0
             6
rra
 -----ast----- -----bst-----
             6             3
             9             2
             7             1
             4             0
             8
rra
 -----ast----- -----bst-----
             8             3
             6             2
             9             1
             7             0
             4
rra
 -----ast----- -----bst-----
             4             3
             8             2
             6             1
             9             0
             7
pb
 -----ast----- -----bst-----
             8             4
             6             3
             9             2
             7             1
                           0
ra
 -----ast----- -----bst-----
             6             4
             9             3
             7             2
             8             1
                           0
pb
 -----ast----- -----bst-----
             9             6
             7             4
             8             3
                           2
                           1
                           0
rra
 -----ast----- -----bst-----
             8             6
             9             4
             7             3
                           2
                           1
                           0
rra
 -----ast----- -----bst-----
             7             6
             8             4
             9             3
                           2
                           1
                           0
pb
 -----ast----- -----bst-----
             8             7
             9             6
                           4
                           3
                           2
                           1
                           0
pa
 -----ast----- -----bst-----
             7             6
             8             4
             9             3
                           2
                           1
                           0
pa
 -----ast----- -----bst-----
             6             4
             7             3
             8             2
             9             1
                           0
pa
 -----ast----- -----bst-----
             4             3
             6             2
             7             1
             8             0
             9
pa
 -----ast----- -----bst-----
             3             2
             4             1
             6             0
             7
             8
             9
pa
 -----ast----- -----bst-----
             2             1
             3             0
             4
             6
             7
             8
             9
pa
 -----ast----- -----bst-----
             1             0
             2
             3
             4
             6
             7
             8
             9
pa
 -----ast----- -----bst-----
             0
             1
             2
             3
             4
             6
             7
             8
             9
pb
ra
sa
pb
sa
pb
pb
pb
ss
pb
sa
pa
pa
sa
pb
sa
pa
pa
sa
pa
pa
sa
pa
sa
pb
sa
pb
sa
pa
pa
